Buffer state at step_4_k2
   6  15   6  15   6  15   6  10   6  10   6  10   6  10   6  10
  11   8  11   8  11   8  11   8  11   8  12   8  12   8  12   8
   6  15   6  15   6  10   6  10   6  10   6  10   6  10   6  10
  11   8  11   8  11   8  11   8   5   8   5   8  12   8  12   8
   6  14   6  14   6  14   6  10   6  10   6  10   6  10   6  10
  11   8  11   8   5   8   5   8   5   8   5   8   5   8  12   8
   6  14   6  14   6  14   6  10   6  10   6  10   6  10   6  10
  13   8  13   8   5   8   5   8   5   8   5   8   1   8   1   8
   6  14   6   7   6   7   6   7   6  10   6  10   6  10   2  10
  13   8  13   8   3   8   3   8   3   8   3   8   1   8   1   8
   9   7   9   7   6   7   2   7   2   7   2   7   2  10   2  10
  13   8  13   8  13   8   3   8   3   8   3   8   1   8   4   8
   9   7   9   7   9   7   2   7   2   7   2   7   2   7   2  10
  13   8  13   8  13   8   3   8   3   8   4   8   4   8   4   8
   9   7   9   7   9   7   2   7   2   7   2   7   2   7   2   7
  13   8  13   8  13   8   3   8   3   8   4   8   4   8   4   8
