Buffer state at step_5_k1
  15  15  15  11  11  11  11  10  10  10  10  10  12  12  12  12
  15  15  15  11  11  11  11  10  10  10  10  10  12  12  12  12
  15  15  15  11  11  11  11  10  10  10  10  10  12  12  12  12
  15  15  11  11  11  11  11  10  10  10  10  10   8   8  12  12
  14  14  14   6   6   6   5   5   5   5   5   8   8   8   8   8
  14  14  14   6   6   6   5   5   5   5   5   8   8   8   8   8
  14  14  14   6   6   6   6   5   5   5   5   8   8   8   8   8
  14  14  14   6   6   6   6   5   5   5   5   1   1   8   8   8
  14  14  14   7   6   6   3   3   3   3   3   1   1   1   1   1
  13  13   7   7   7   7   3   3   3   3   3   1   1   1   1   1
  13  13   7   7   7   7   3   3   3   3   3   1   1   1   1   1
  13  13   7   7   7   7   3   3   3   3   3   1   1   1   4   4
  13  13   9   7   7   2   2   2   2   3   3   4   4   4   4   4
  13   9   9   9   9   2   2   2   2   2   4   4   4   4   4   4
   9   9   9   9   9   2   2   2   2   2   2   4   4   4   4   4
   9   9   9   9   9   2   2   2   2   2   2   4   4   4   4   4
