Buffer state at step_3_k4
   0  15   0   0   0  15   0   0   0  15   0   0   0  15   0   0
  11   8  12   0  11   8  12   0  11   8  12   0   5   8  12   0
   6  14   9   7   6  10   2   7   6  10   2   7   6  10   2   7
  13   0   0   0  13   0   0   0  13   0   0   0  13   0   0   0
   0  15   0   0   0  15   0   0   0  15   0   0   0  15   0   0
  11   8  12   0   5   8  12   0   5   8  12   0   5   8  12   0
   6  14   9   7   6  14   2   7   6  10   2   7   6  10   2   7
  13   0   0   0  13   0   0   0  13   0   0   0  13   0   0   0
   0  15   0   0   0  15   0   0   0  15   0   0   0  15   0   0
   3   8   4   0   3   8   4   0   3   8   4   0   1   8   4   0
   6  14   9   7   6  14   2   7   6  10   2   7   6  10   2   7
  13   0   0   0  13   0   0   0  13   0   0   0  13   0   0   0
   0  15   0   0   0  15   0   0   0  15   0   0   0  15   0   0
   3   8   4   0   3   8   4   0   3   8   4   0   1   8   4   0
   6  14   9   7   6  14   2   7   6  14   2   7   6  10   2   7
  13   0   0   0  13   0   0   0  13   0   0   0  13   0   0   0
