0 []
1 []
2 []
3 []
4 []
5 []
6 [[7, 27, 31], [7, 31, 35], [0, 7, 27], [0, 7, 35]]
7 []
8 []
9 []
10 []
11 []
12 []
13 []
14 []
15 []
16 []
17 []
18 []
19 []
20 []
21 []
22 [[23, 29, 32], [0, 23, 32], [23, 29, 31], [0, 23, 31]]
23 [[24, 26, 34], [0, 24, 26], [24, 32, 34], [0, 24, 32]]
24 []
25 [[0, 26, 34], [24, 26, 34], [0, 24, 26]]
26 [[27, 29, 31], [7, 27, 31], [0, 27, 29], [0, 7, 27]]
27 []
28 [[29, 32, 34], [23, 29, 32], [23, 29, 31], [27, 29, 31], [0, 29, 34], [0, 27, 29]]
29 []
30 [[23, 29, 31], [0, 23, 31], [27, 29, 31], [7, 27, 31], [7, 31, 35], [0, 31, 35]]
31 [[24, 32, 34], [0, 24, 32], [29, 32, 34], [23, 29, 32], [0, 23, 32]]
32 []
33 [[0, 26, 34], [24, 26, 34], [24, 32, 34], [29, 32, 34], [0, 29, 34]]
34 [[7, 31, 35], [0, 31, 35], [0, 7, 35]]
