30.990108185044107 79.91584435926023
23.05448812980786 99
55.472296802528604 67.09375260026296
62.075875809993434 82.09127582317718
60.22063449146487 99
39.89169475014461 63.66985031071037
8.874362710340217 99
15.02928399924604 84.9702583978815
0 84.13109783413505
12.78371685189321 56.90332106049159
36.18623253140532 46.61847844680412
60.6594183594073 52.644342842694186
19.59029454939099 42.872100230280914
76.01751737190209 67.78339101646588
79.45087334807961 84.8551493001186
0 66.58656047798038
48.362473903542266 25.51635518571275
30.71043486524708 29.17386474754874
14.657255783224912 73.0790809679084
83.3683099426606 44.39322107937225
96.16101751027483 58.97787541535915
99 81.23012758670411
55.346441817459294 5.941519984014523
29.899003365070897 1.952108987904463
68.54883554851796 28.786569342138524
10.032899775734538 0
7.8913192700094505 17.907339530696976
99 40.842530471225366
5.251030805990801 34.35028731403935
84.64422769512774 21.12020023632089
73.54842810228055 5.9685929772756054
99 3.911155132679898
99 96.77905469466218
0 48.51094416482087
99 25.609884947161653
