[20, 30, 35] (1818, 675)
[25, 30, 31] (1499, 365)
[8, 9, 19] (159, 1622)
[0, 24, 26] (410, 0)
[17, 23, 25] (1224, 379)
[1, 3, 6] (923, 1577)
[4, 14, 15] (1468, 1587)
[0, 15, 33] (1712, 2047)
[14, 20, 21] (1707, 1172)
[3, 12, 14] (1349, 1282)
[0, 32, 35] (2047, 302)
[0, 26, 27] (0, 161)
[0, 16, 34] (0, 1178)
[3, 6, 12] (1014, 1163)
[17, 23, 24] (846, 245)
[10, 16, 19] (188, 1341)
[1, 6, 19] (547, 1372)
[0, 22, 33] (2047, 1822)
[6, 11, 12] (974, 1086)
[0, 9, 16] (0, 1543)
[0, 28, 35] (2047, 680)
[0, 23, 24] (884, 0)
[30, 31, 32] (1771, 165)
[0, 23, 31] (1319, 0)
[7, 8, 9] (147, 1841)
[1, 2, 8] (510, 1814)
[0, 29, 34] (0, 828)
[30, 32, 35] (1934, 302)
[15, 22, 33] (1849, 1822)
[10, 11, 13] (526, 1116)
[18, 24, 27] (472, 322)
[2, 7, 8] (326, 1919)
[14, 15, 22] (1794, 1521)
[11, 13, 18] (596, 803)
[24, 26, 27] (390, 207)
[4, 5, 15] (1423, 1872)
[13, 18, 29] (359, 612)
[12, 20, 25] (1429, 868)
[0, 21, 28] (2047, 1029)
[1, 4, 5] (941, 1819)
[23, 25, 31] (1318, 325)
[12, 17, 25] (1160, 780)
[10, 13, 34] (207, 961)
[3, 4, 14] (1343, 1466)
[0, 2, 7] (326, 2047)
[17, 18, 24] (758, 314)
[18, 27, 29] (351, 569)
[9, 16, 19] (99, 1543)
[0, 27, 29] (0, 513)
[20, 28, 35] (1823, 680)
[13, 29, 34] (190, 897)
[0, 2, 5] (852, 2047)
[14, 21, 22] (1832, 1455)
[20, 25, 30] (1641, 666)
[20, 21, 28] (1897, 1005)
[11, 17, 18] (843, 725)
[0, 7, 9] (1, 1927)
[6, 10, 11] (552, 1176)
[1, 3, 4] (954, 1636)
[11, 12, 17] (1036, 835)
[6, 10, 19] (521, 1302)
[1, 8, 19] (446, 1613)
[12, 14, 20] (1517, 1112)
[10, 16, 34] (65, 1178)
[0, 31, 32] (1758, 0)
[0, 5, 15] (1550, 2047)
[0, 21, 22] (2047, 1428)
[1, 2, 5] (852, 1954)
